

pFilm= [2.95127265e-5 0 0]
pupilPlaneFromFil= 0.010001

filmdistance_mm=0.464135918
offset_sensorside=filmdistance_mm;
offset_objectside=1.48002192; %%mm
lensThickness=4.827;

direction = [-0.390183687 0.327501744 0.860522687]

